  0.000000       0.0000    0.0000    0.0000  866.9811 1556.2846 1556.2846
  0.009623       1.2951   16.2639   27.7570  866.9323 1556.1647 1556.3938
  0.019245       2.5078   32.5265   55.5053  866.7857 1555.8051 1556.7198
  0.028868       3.5465   48.7863   83.2361  866.5408 1555.2064 1557.2579
  0.038490       4.2949   65.0413  110.9407  866.1967 1554.3696 1558.0002
  0.048113       4.5780   81.2894  138.6102  865.7522 1553.2958 1558.9358
  0.057735       4.0422   97.5277  166.2354  865.2057 1551.9869 1560.0511
  0.067358       0.1321  113.7524  193.8071  864.5551 1550.4450 1561.3294
  0.076980       5.7927  129.9591  221.3159  863.7983 1548.6728 1562.7519
  0.086603       9.5155  146.1421  248.7520  862.9325 1546.6734 1564.2973
  0.096225      13.3445  162.2950  276.1055  861.9548 1544.4505 1565.9423
  0.105848      17.4369  178.4099  303.3663  860.8618 1542.0086 1567.6619
  0.115470      21.8436  194.4777  330.5238  859.6500 1539.3526 1569.4295
  0.125093      26.5865  210.4882  357.5674  858.3152 1536.4883 1571.2173
  0.134715      31.6756  226.4298  384.4862  856.8533 1533.4222 1572.9966
  0.144338      37.1159  242.2895  411.2689  855.2597 1530.1616 1574.7383
  0.153960      42.9090  258.0531  437.9041  853.5296 1526.7147 1576.4125
  0.163583      49.0548  273.7049  464.3804  851.6577 1523.0905 1577.9896
  0.173205      55.5516  289.2282  490.6861  849.6389 1519.2990 1579.4402
  0.182828      62.3966  304.6049  516.8092  847.4676 1515.3513 1580.7352
  0.192450      69.5863  319.8158  542.7381  845.1381 1511.2591 1581.8463
  0.202073      77.1161  334.8408  568.4608  842.6446 1507.0354 1582.7462
  0.211695      84.9807  349.6587  593.9657  839.9811 1502.6941 1583.4086
  0.221318      93.1738  364.2475  619.2409  837.1417 1498.2501 1583.8086
  0.230940     101.6887  378.5847  644.2750  834.1204 1493.7191 1583.9228
  0.240563     110.5174  392.6472  669.0568  830.9112 1489.1177 1583.7293
  0.250185     119.6515  406.4115  693.5753  827.5082 1484.4634 1583.2081
  0.259808     129.0818  419.8542  717.8199  823.9058 1479.7743 1582.3408
  0.269430     138.7980  432.9516  741.7806  820.0984 1475.0692 1581.1111
  0.279053     148.7894  445.6809  765.4475  816.0808 1470.3673 1579.5044
  0.288675     159.0440  458.0193  788.8117  811.8481 1465.6880 1577.5082
  0.298298     169.5495  469.9451  807.3957  811.8646 1461.0511 1575.1118
  0.307920     180.2924  481.4378  802.7196  834.5983 1456.4761 1572.3067
  0.317543     191.2586  492.4780  797.8165  857.0058 1451.9823 1569.0859
  0.327165     202.4330  503.0483  792.6834  879.0805 1447.5887 1565.4447
  0.336788     213.7996  513.1329  787.3183  900.8169 1443.3132 1561.3797
  0.346410     225.3416  522.7186  781.7200  922.2101 1439.1729 1556.8894
  0.356033     237.0411  531.7944  775.8883  943.2561 1435.1837 1551.9740
  0.365655     248.8793  540.3523  769.8241  963.9516 1431.3600 1546.6349
  0.375278     260.8363  548.3870  763.5295  984.2941 1427.7145 1540.8750
  0.384900     272.8907  555.8965  757.0084 1004.2821 1424.2581 1534.6985
  0.394523     285.0200  562.8819  750.2660 1023.9146 1420.9996 1528.1106
  0.404145     297.2000  569.3476  743.3097 1043.1916 1417.9456 1521.1173
  0.413768     309.4044  575.3012  736.1492 1062.1134 1415.1006 1513.7256
  0.423390     321.6049  580.7536  728.7972 1080.6813 1412.4669 1505.9433
  0.433013     333.7701  585.7185  721.2694 1098.8969 1410.0445 1497.7784
  0.442635     345.8653  590.2124  713.5860 1116.7623 1407.8315 1489.2397
  0.452258     357.8514  594.2543  705.7720 1134.2799 1405.8240 1480.3361
  0.461880     369.6835  597.8650  697.8590 1151.4521 1404.0163 1471.0769
  0.471503     381.3096  601.0672  689.8865 1168.2815 1402.4013 1461.4717
  0.481125     392.6681  603.8843  681.9044 1184.7701 1400.9710 1451.5304
  0.490748     403.6853  606.3403  673.9756 1200.9194 1399.7162 1441.2633
  0.500370     414.2713  608.4594  666.1802 1216.7292 1398.6274 1430.6818
  0.509993     424.3156  610.2648  658.6196 1232.1971 1397.6950 1419.7993
  0.519615     433.6818  611.7789  651.4223 1247.3160 1396.9096 1408.6327
  0.529238     442.2025  613.0220  644.7487 1262.0699 1396.2620 1397.2070
  0.538860     449.6766  614.0125  638.7941 1276.4235 1385.5652 1395.7443
  0.548483     455.8723  614.7659  633.7853 1290.2934 1373.7975 1395.3494
  0.558105     460.5428  615.2949  629.9653 1303.4467 1362.1419 1395.0716
  0.567728     463.4581  615.6085  627.5614 1315.0188 1351.4670 1394.9066
  0.577350     464.4506  615.7124  626.7396 1320.9130 1345.8715 1394.8519
  0.584017     464.4382  616.0434  626.7137 1320.8033 1345.8051 1394.7955
  0.590684     464.4012  617.0348  626.6361 1320.4743 1345.6059 1394.6265
  0.597350     464.3405  618.6816  626.5063 1319.9268 1345.2741 1394.3456
  0.604017     464.2575  620.9757  626.3241 1319.1619 1344.8100 1393.9542
  0.610684     464.1543  623.9056  626.0887 1318.1811 1344.2141 1393.4540
  0.617350     464.0335  625.7993  627.4573 1316.9866 1343.4869 1392.8474
  0.624017     463.8981  625.4551  631.6139 1315.5807 1342.6291 1392.1371
  0.630684     463.7519  625.0548  636.3559 1313.9666 1341.6414 1391.3265
  0.637350     463.5991  624.5972  641.6620 1312.1475 1340.5246 1390.4195
  0.644017     463.4442  624.0808  647.5087 1310.1273 1339.2797 1389.4202
  0.650684     463.2926  623.5041  653.8709 1307.9103 1337.9076 1388.3335
  0.657350     463.1497  622.8653  660.7223 1305.5014 1336.4093 1387.1646
  0.664017     463.0218  622.1625  668.0356 1302.9059 1334.7859 1385.9192
  0.670684     462.9151  621.3939  675.7824 1300.1293 1333.0385 1384.6033
  0.677350     462.8366  620.5573  683.9339 1297.1781 1331.1684 1383.2233
  0.684017     462.7933  619.6506  692.4610 1294.0588 1329.1768 1381.7861
  0.690684     462.7926  618.6714  701.3342 1290.7788 1327.0650 1380.2986
  0.697350     462.8423  617.6174  710.5241 1287.3458 1324.8345 1378.7682
  0.704017     462.9502  616.4863  720.0013 1283.7683 1322.4867 1377.2024
  0.710684     463.1242  615.2755  729.7365 1280.0551 1320.0235 1375.6086
  0.717350     463.3725  613.9826  739.7006 1276.2160 1317.4466 1373.9946
  0.724017     463.7032  612.6049  749.8647 1272.2611 1314.7581 1372.3678
  0.730684     464.1245  611.1399  760.2001 1268.2017 1311.9602 1370.7360
  0.737350     464.6444  609.5851  770.6783 1264.0495 1309.0553 1369.1065
  0.744017     465.2709  607.9378  781.2706 1259.8176 1306.0462 1367.4864
  0.750684     466.0118  606.1955  791.9486 1255.5199 1302.9359 1365.8827
  0.757350     466.8745  604.3556  802.6835 1251.1715 1299.7275 1364.3022
  0.764017     467.8664  602.4157  813.4462 1246.7889 1296.4246 1362.7510
  0.770684     468.9943  600.3733  824.2067 1242.3902 1293.0307 1361.2353
  0.777350     470.2647  598.2260  834.9345 1237.9954 1289.5500 1359.7605
  0.784017     471.6836  595.9715  845.5976 1233.6264 1285.9864 1358.3319
  0.790684     473.2567  593.6076  856.1625 1229.3078 1282.3443 1356.9542
  0.797350     474.9888  591.1320  866.5936 1225.0668 1278.6281 1355.6319
  0.804017     476.8845  588.5428  876.8529 1220.9339 1274.8422 1354.3689
  0.810684     478.9474  585.8379  886.8995 1216.9432 1270.9912 1353.1688
  0.817350     481.1807  583.0156  896.6886 1213.1330 1267.0797 1352.0349
  0.824017     483.5870  580.0741  906.1719 1209.5462 1263.1120 1350.9699
  0.830684     486.1680  577.0120  915.2964 1206.2305 1259.0926 1349.9763
  0.837350     488.9248  573.8276  924.0046 1203.2386 1255.0258 1349.0564
  0.844017     491.8578  570.5198  932.2345 1200.6283 1250.9154 1348.2120
  0.850684     494.9668  567.0875  939.9205 1198.4613 1246.7654 1347.4446
  0.857350     498.2506  563.5295  946.9942 1196.8022 1242.5793 1346.7556
  0.864017     501.7076  559.8452  953.3870 1195.7162 1238.3604 1346.1459
  0.870684     505.3355  556.0339  959.0332 1195.2659 1234.1114 1345.6165
  0.877350     509.1314  552.0950  963.8735 1195.5074 1229.8349 1345.1679
  0.884017     513.0915  548.0284  967.8598 1196.4860 1225.5331 1344.8005
  0.890684     517.2118  543.8338  970.9591 1198.2317 1221.2074 1344.5147
  0.897350     521.4875  539.5113  973.1562 1200.7568 1216.8591 1344.3106
  0.904017     525.9134  535.0612  974.4557 1204.0540 1212.4889 1344.1881
  0.910684     530.4839  530.4839  974.8809 1208.0970 1208.0970 1344.1474
  0.927350     518.4885  542.5014  972.4065 1197.0180 1221.1599 1344.4016
  0.944017     505.7169  555.2779  965.6087 1185.7781 1237.6744 1345.1621
  0.960684     492.1909  568.6976  955.4390 1174.3345 1256.6333 1346.4258
  0.977350     477.9392  582.6380  942.7042 1162.6223 1277.1666 1348.1907
  0.994017     462.9974  596.9737  928.0020 1150.5564 1298.6047 1350.4572
  1.010684     447.4078  611.5795  911.7453 1138.0335 1320.4551 1353.2278
  1.027350     431.2186  626.3331  894.2086 1124.9353 1342.3559 1356.5070
  1.044017     414.4835  641.1179  875.5697 1111.1330 1360.2997 1364.0358
  1.060684     397.2617  655.8242  855.9411 1096.4918 1364.6099 1385.2843
  1.077350     379.6167  670.3509  835.3932 1080.8761 1369.4389 1405.9312
  1.094017     361.6159  684.6064  813.9696 1064.1545 1374.7827 1425.8341
  1.110684     343.3300  698.5090  791.6982 1046.2039 1380.6314 1444.8700
  1.127350     324.8326  711.9874  768.5994 1026.9138 1386.9669 1462.9301
  1.144017     306.1989  724.9809  744.6917 1006.1889 1393.7633 1479.9179
  1.160684     287.5059  719.9959  737.4389  983.9513 1400.9861 1495.7476
  1.177350     268.8311  694.5378  749.3210  960.1413 1408.5930 1510.3442
  1.194017     250.2520  668.3499  760.5962  934.7183 1416.5347 1523.6443
  1.210684     231.8457  641.4728  771.2426  907.6599 1424.7560 1535.5973
  1.227350     213.6884  613.9553  781.2466  878.9614 1433.1971 1546.1666
  1.244017     195.8545  585.8542  790.6024  848.6346 1441.7948 1555.3308
  1.260684     178.4167  557.2336  799.3109  816.7061 1450.4839 1563.0856
  1.277350     161.4448  528.1638  783.2162  807.3791 1459.1983 1569.4445
  1.294017     145.0060  498.7199  748.2169  814.8191 1467.8717 1574.4398
  1.310684     129.1644  468.9800  711.7702  821.6477 1476.4387 1578.1231
  1.327350     113.9804  439.0235  673.9468  827.8850 1484.8356 1580.5655
  1.344017      99.5107  408.9289  634.8240  833.5540 1493.0008 1581.8571
  1.360684      85.8080  378.7717  594.4845  838.6796 1500.8752 1582.1059
  1.377350      72.9208  348.6225  553.0153  843.2880 1508.4026 1581.4365
  1.394017      60.8927  318.5452  510.5057  847.4059 1515.5304 1579.9879
  1.410684      49.7623  288.5949  467.0468  851.0601 1522.2091 1577.9106
  1.427350      39.5619  258.8163  422.7304  854.2766 1528.3932 1575.3634
  1.444017      30.3151  229.2428  377.6481  857.0805 1534.0409 1572.5099
  1.460684      22.0303  199.8956  331.8904  859.4950 1539.1146 1569.5139
  1.477350      14.6813  170.7828  285.5470  861.5417 1543.5807 1566.5349
  1.494017       8.1104  141.9001  238.7059  863.2396 1547.4099 1563.7237
  1.510684       1.5115  113.2307  191.4532  864.6055 1550.5772 1561.2177
  1.527350       4.5672   84.7470  143.8737  865.6531 1553.0621 1559.1362
  1.544017       3.9398   56.4115   96.0505  866.3935 1554.8485 1557.5767
  1.560684       2.1959   28.1792   48.0656  866.8346 1555.9250 1556.6113
  1.577350       0.0000    0.0000    0.0000  866.9811 1556.2846 1556.2846
