0.207320782	10.84337349
0.236268991	14.15662651
0.294162183	20.48192771
0.331154607	25
0.369772647	31.3253012
0.419644202	38.55421687
0.458246114	43.37349398
0.496851252	48.4939759
0.53063115	53.01204819
0.59171429	57.22891566
0.789284606	57.22891566
0.829454076	58.43373494
0.847139093	59.93975904
0.866401344	58.73493976
0.888934178	62.95180723
0.771596363	55.42168675
1.421610249	6.626506024
1.384685559	8.43373494
1.339771486	14.15662651
1.30450144	20.48192771
1.262767638	23.19277108
1.222662676	28.01204819
1.182564166	33.43373494
1.161708554	35.84337349
1.14409127	40.6626506
1.123238884	43.37349398
1.100767333	44.87951807
1.083137148	48.4939759
1.063910376	53.01204819
1.046235036	52.40963855
1.025382649	55.12048193
1.002924	57.8313253
0.980458899	59.93975904
0.969218286	60.24096386
0.951565523	61.74698795
0.92908107	62.04819277
1.423764835	57.8313253
1.385320968	67.77108434
1.342064764	78.31325301
1.30525619	90.96385542
1.266805872	100.3012048
1.308591281	102.4096386
1.384117884	105.4216867
1.424280903	106.0240964
1.340700409	100.9036145
1.226629952	98.4939759
1.186444355	95.78313253
0.771841496	78.31325301
0.789510386	78.31325301
0.810372449	76.5060241
0.829647601	76.5060241
0.847293913	74.39759036
0.868152751	72.28915663
0.887431129	72.59036145
0.909912356	71.98795181
0.932409711	72.89156627
0.951691314	73.4939759
0.970979369	74.69879518
0.988661161	75.90361446
1.009549027	76.5060241
1.025634232	78.61445783
1.044919061	79.51807229
1.069045256	82.53012048
1.089923447	82.22891566
1.106044132	87.65060241
1.125348313	90.36144578
1.14462024	90.06024096
1.162305258	91.56626506
0.166083696	59.93975904
0.209568905	70.78313253
0.245035702	82.8313253
0.373894743	116.2650602
0.425446745	130.4216867
0.462494001	140.060241
0.538139945	154.2168675
0.499505778	146.3855422
0.086273726	106.9277108
0.12964927	107.5301205
0.211552542	106.0240964
0.245274383	105.1204819
0.298248799	102.1084337
0.335199293	102.7108434
0.367276166	98.19277108
0.423430853	92.1686747
0.460352318	90.06024096
0.502073218	86.14457831
0.542197532	83.13253012
0.593546333	78.31325301
0.592810935	159.6385542
0.498186578	173.1927711
0.464461512	173.7951807
0.422737386	177.4096386
0.37138536	181.9277108
0.33762804	179.5180723
0.249390029	189.4578313
0.019768643	196.3855422
0.047091237	197.8915663
0.084051407	199.3975904
0.132268317	202.1084337
0.169209135	201.8072289
0.210965515	201.2048193
0.247919234	202.1084337
0.292862336	199.0963855
0.33623788	199.6987952
0.374723677	193.6746988
0.459745938	183.4337349
0.906064422	162.6506024
0.931729146	159.3373494
0.951084934	166.8674699
0.967124983	164.7590361
0.98643239	167.7710843
1.008910392	166.8674699
1.02822425	170.4819277
1.045889915	170.1807229
1.070019335	173.4939759
1.084459573	171.9879518
1.105370017	174.6987952
1.127851245	174.0963855
1.148752013	175.9036145
1.16481464	175.9036145
1.19052452	176.8072289
1.229103854	179.5180723
1.267679963	181.9277108
1.311078086	184.6385542
1.349679998	189.4578313
1.388314165	197.2891566
1.343390415	202.1084337
1.308004254	197.5903614
1.261396831	195.1807229
1.224475366	197.2891566
1.189073078	191.2650602
1.169775347	189.1566265
1.148835874	183.7349398
1.226758969	110.5421687
1.178693653	121.9879518
1.159473333	127.1084337
1.143433283	129.2168675
1.116149395	131.3253012
1.000643623	144.8795181
1.045599626	143.0722892
1.026350277	145.4819277
1.085736842	141.2650602
1.103373478	138.253012
