  0.000000      -0.0000    0.0000    0.0000  873.1352 1586.9550 1586.9550
  0.009623       0.1715   16.4109   27.9191  873.0873 1586.8226 1587.0584
  0.019245       0.6861   32.8212   55.8302  872.9432 1586.4256 1587.3670
  0.028868       1.5442   49.2300   83.7253  872.7024 1585.7647 1587.8760
  0.038490       2.7463   65.6362  111.5963  872.3639 1584.8412 1588.5778
  0.048113       4.2935   82.0381  139.4350  871.9265 1583.6569 1589.4615
  0.057735       6.1866   98.4333  167.2328  871.3884 1582.2140 1590.5136
  0.067358       8.4268  114.8188  194.9812  870.7476 1580.5155 1591.7178
  0.076980      11.0155  131.1906  222.6712  870.0016 1578.5647 1593.0553
  0.086603      13.9540  147.5434  250.2939  869.1476 1576.3658 1594.5050
  0.096225      17.2436  163.8710  277.8396  868.1824 1573.9236 1596.0440
  0.105848      20.8856  180.1659  305.2988  867.1024 1571.2435 1597.6474
  0.115470      24.8811  196.4193  332.6613  865.9037 1568.3318 1599.2890
  0.125093      29.2311  212.6210  359.9168  864.5821 1565.1956 1600.9413
  0.134715      33.9363  228.7594  387.0547  863.1330 1561.8427 1602.5758
  0.144338      38.9971  244.8214  414.0641  861.5513 1558.2820 1604.1637
  0.153960      44.4134  260.7927  440.9337  859.8320 1554.5231 1605.6755
  0.163583      50.1848  276.6573  467.6522  857.9695 1550.5767 1607.0818
  0.173205      56.3102  292.3982  494.2080  855.9580 1546.4544 1608.3536
  0.182828      62.7882  307.9969  520.5892  853.7915 1542.1690 1609.4621
  0.192450      69.6165  323.4337  546.7840  851.4638 1537.7339 1610.3793
  0.202073      76.7923  338.6877  572.7806  848.9686 1533.1638 1611.0781
  0.211695      84.3119  353.7372  598.5670  846.2993 1528.4744 1611.5327
  0.221318      92.1709  368.5594  624.1313  843.4495 1523.6822 1611.7183
  0.230940     100.3643  383.1309  649.4620  840.4126 1518.8047 1611.6119
  0.240563     108.8859  397.4278  674.5473  837.1819 1513.8602 1611.1919
  0.250185     117.7290  411.4257  699.3762  833.7510 1508.8679 1610.4384
  0.259808     126.8857  425.1000  723.9377  830.1135 1503.8476 1609.3334
  0.269430     136.3474  438.4263  748.2214  826.2634 1498.8194 1607.8608
  0.279053     146.1046  451.3803  772.2171  822.1947 1493.8043 1606.0064
  0.288675     156.1466  463.9385  795.9154  817.9019 1488.8230 1603.7577
  0.298298     166.4622  476.0780  813.3798  819.3075 1483.8967 1601.1044
  0.307920     177.0388  487.7772  808.6240  842.3849 1479.0460 1598.0381
  0.317543     187.8630  499.0158  803.6302  865.1402 1474.2916 1594.5522
  0.327165     198.9206  509.7753  798.3952  887.5665 1469.6530 1590.6419
  0.336788     210.1960  520.0391  792.9164  909.6577 1465.1493 1586.3041
  0.346410     221.6730  529.7932  787.1920  931.4085 1460.7982 1581.5377
  0.356033     233.3338  539.0260  781.2215  952.8146 1456.6159 1576.3427
  0.365655     245.1599  547.7287  775.0052  973.8722 1452.6173 1570.7208
  0.375278     257.1314  555.8957  768.5450  994.5786 1448.8150 1564.6750
  0.384900     269.2269  563.5248  761.8442 1014.9318 1445.2199 1558.2096
  0.394523     281.4236  570.6169  754.9079 1034.9305 1441.8404 1551.3297
  0.404145     293.6972  577.1765  747.7432 1054.5744 1438.6827 1544.0416
  0.413768     306.0210  583.2116  740.3596 1073.8638 1435.7505 1536.3522
  0.423390     318.3663  588.7333  732.7694 1092.7994 1433.0452 1528.2691
  0.433013     330.7012  593.7560  724.9885 1111.3830 1430.5658 1519.8005
  0.442635     342.9905  598.2969  717.0368 1129.6165 1428.3092 1510.9547
  0.452258     355.1943  602.3758  708.9395 1147.5023 1426.2699 1501.7406
  0.461880     367.2671  606.0146  700.7282 1165.0431 1424.4411 1492.1670
  0.471503     379.1558  609.2369  692.4426 1182.2417 1422.8141 1482.2431
  0.481125     390.7980  612.0674  684.1333 1199.1008 1421.3792 1471.9781
  0.490748     402.1180  614.5312  675.8641 1215.6226 1420.1259 1461.3811
  0.500370     413.0240  616.6534  667.7167 1231.8086 1419.0432 1450.4622
  0.509993     423.4019  618.4587  659.7956 1247.6585 1418.1198 1439.2321
  0.519615     433.1101  619.9701  652.2340 1263.1691 1417.3452 1427.7038
  0.529238     441.9728  621.2093  645.2004 1278.3312 1415.8953 1416.7090
  0.538860     449.7758  622.1953  638.9026 1293.1231 1403.8363 1416.2022
  0.548483     456.2689  622.9445  633.5855 1307.4899 1391.5880 1415.8167
  0.558105     461.1812  623.4699  629.5162 1321.2719 1379.3155 1415.5461
  0.567728     464.2563  623.7813  626.9480 1333.8117 1367.6799 1415.3857
  0.577350     465.3048  623.8844  626.0687 1340.8168 1360.9759 1415.3325
  0.584017     465.2877  624.2207  626.0444 1340.7039 1360.9086 1415.2700
  0.590684     465.2369  625.2281  625.9712 1340.3654 1360.7067 1415.0829
  0.597350     465.1533  625.8490  626.9014 1339.8021 1360.3704 1414.7718
  0.604017     465.0383  625.6772  629.2325 1339.0150 1359.9003 1414.3382
  0.610684     464.8943  625.4550  632.2099 1338.0058 1359.2968 1413.7839
  0.617350     464.7240  625.1816  635.8194 1336.7765 1358.5606 1413.1112
  0.624017     464.5307  624.8557  640.0439 1335.3296 1357.6926 1412.3232
  0.630684     464.3186  624.4762  644.8639 1333.6681 1356.6938 1411.4232
  0.637350     464.0921  624.0414  650.2577 1331.7954 1355.5650 1410.4152
  0.644017     463.8562  623.5498  656.2017 1329.7154 1354.3076 1409.3038
  0.650684     463.6167  622.9994  662.6708 1327.4324 1352.9227 1408.0939
  0.657350     463.3796  622.3883  669.6383 1324.9512 1351.4114 1406.7910
  0.664017     463.1515  621.7144  677.0767 1322.2772 1349.7752 1405.4012
  0.670684     462.9395  620.9753  684.9575 1319.4160 1348.0153 1403.9310
  0.677350     462.7509  620.1687  693.2517 1316.3738 1346.1329 1402.3873
  0.684017     462.5935  619.2920  701.9300 1313.1576 1344.1296 1400.7773
  0.690684     462.4754  618.3426  710.9628 1309.7743 1342.0065 1399.1089
  0.697350     462.4050  617.3178  720.3205 1306.2320 1339.7652 1397.3900
  0.704017     462.3910  616.2149  729.9735 1302.5388 1337.4071 1395.6290
  0.710684     462.4421  615.0310  739.8924 1298.7037 1334.9337 1393.8342
  0.717350     462.5671  613.7632  750.0481 1294.7363 1332.3466 1392.0144
  0.724017     462.7751  612.4086  760.4116 1290.6468 1329.6475 1390.1781
  0.730684     463.0750  610.9643  770.9542 1286.4463 1326.8384 1388.3341
  0.737350     463.4757  609.4274  781.6473 1282.1466 1323.9213 1386.4909
  0.744017     463.9861  607.7949  792.4623 1277.7605 1320.8986 1384.6570
  0.750684     464.6147  606.0639  803.3708 1273.3018 1317.7727 1382.8403
  0.757350     465.3698  604.2316  814.3441 1268.7854 1314.5464 1381.0489
  0.764017     466.2595  602.2952  825.3530 1264.2278 1311.2230 1379.2901
  0.770684     467.2916  600.2519  836.3680 1259.6470 1307.8056 1377.5711
  0.777350     468.4731  598.0990  847.3582 1255.0626 1304.2980 1375.8985
  0.784017     469.8109  595.8340  858.2921 1250.4965 1300.7041 1374.2783
  0.790684     471.3112  593.4544  869.1360 1245.9732 1297.0278 1372.7162
  0.797350     472.9796  590.9578  879.8545 1241.5198 1293.2736 1371.2175
  0.804017     474.8210  588.3420  890.4093 1237.1669 1289.4458 1369.7866
  0.810684     476.8397  585.6048  900.7592 1232.9489 1285.5491 1368.4279
  0.817350     479.0393  582.7442  910.8591 1228.9046 1281.5880 1367.1448
  0.824017     481.4226  579.7585  920.6596 1225.0777 1277.5671 1365.9408
  0.830684     483.9918  576.6460  930.1064 1221.5172 1273.4911 1364.8185
  0.837350     486.7482  573.4051  939.1400 1218.2780 1269.3642 1363.7803
  0.844017     489.6922  570.0346  947.6954 1215.4205 1265.1909 1362.8283
  0.850684     492.8237  566.5333  955.7032 1213.0105 1260.9751 1361.9641
  0.857350     496.1416  562.9002  963.0899 1211.1173 1256.7208 1361.1889
  0.864017     499.6443  559.1346  969.7810 1209.8124 1252.4313 1360.5038
  0.870684     503.3291  555.2359  975.7035 1209.1652 1248.1099 1359.9095
  0.877350     507.1930  551.2037  980.7910 1209.2392 1243.7593 1359.4066
  0.884017     511.2320  547.0379  984.9878 1210.0870 1239.3819 1358.9953
  0.890684     515.4418  542.7384  988.2546 1211.7448 1234.9794 1358.6757
  0.897350     519.8172  538.3055  990.5723 1214.2292 1230.5534 1358.4477
  0.904017     524.3525  533.7398  991.9433 1217.5344 1226.1047 1358.3111
  0.910684     529.0417  529.0417  992.3918 1221.6336 1221.6336 1358.2657
  0.927350     516.7241  541.3933  989.7887 1210.3551 1235.0227 1358.5480
  0.944017     503.6051  554.5505  982.6645 1198.9145 1252.0582 1359.3896
  0.960684     489.7120  568.3884  972.0551 1187.2695 1271.6471 1360.7827
  0.977350     475.0801  582.7752  958.8259 1175.3553 1292.8591 1362.7207
  0.994017     459.7519  597.5763  943.6074 1163.0857 1314.9905 1365.1991
  1.010684     443.7770  612.6579  926.8283 1150.3557 1337.5310 1368.2163
  1.027350     427.2114  627.8897  908.7695 1137.0449 1360.1108 1371.7729
  1.044017     410.1169  643.1479  889.6107 1123.0222 1375.8707 1382.4550
  1.060684     392.5605  658.3165  869.4647 1108.1500 1380.5110 1404.3516
  1.077350     374.6135  673.2888  848.4007 1092.2900 1385.6933 1425.6303
  1.094017     356.3509  687.9688  826.4613 1075.3081 1391.4125 1446.1485
  1.110684     337.8504  702.2711  803.6732 1057.0791 1397.6580 1465.7835
  1.127350     319.1918  716.1216  780.0563 1037.4904 1404.4119 1484.4269
  1.144017     300.4563  729.4574  755.6285 1016.4454 1411.6485 1501.9823
  1.160684     281.7253  730.4104  742.2269  993.8652 1419.3338 1518.3641
  1.177350     263.0799  704.4278  754.3888  969.6902 1427.4262 1533.4977
  1.194017     244.6004  677.7141  765.9122  943.8801 1435.8769 1547.3199
  1.210684     226.3652  650.3105  776.7756  916.4138 1444.6307 1559.7802
  1.227350     208.4505  622.2669  786.9665  887.2886 1453.6277 1570.8419
  1.244017     190.9295  593.6416  796.4801  856.5186 1462.8037 1580.4840
  1.260684     173.8721  564.5004  805.3193  824.1336 1472.0921 1588.7018
  1.277350     157.3446  534.9153  790.1772  813.4928 1481.4245 1595.5090
  1.294017     141.4089  504.9635  754.7048  821.0151 1490.7317 1600.9374
  1.310684     126.1227  474.7252  717.7825  827.9050 1499.9445 1605.0385
  1.327350     111.5391  444.2817  679.4846  834.1852 1508.9948 1607.8828
  1.344017      97.7067  413.7136  639.8921  839.8810 1517.8157 1609.5598
  1.360684      84.6693  383.0983  599.0913  845.0197 1526.3424 1610.1767
  1.377350      72.4662  352.5082  557.1721  849.6299 1534.5124 1609.8572
  1.394017      61.1322  322.0085  514.2267  853.7406 1542.2664 1608.7391
  1.410684      50.6978  291.6552  470.3481  857.3807 1549.5479 1606.9715
  1.427350      41.1894  261.4940  425.6296  860.5782 1556.3044 1604.7118
  1.444017      32.6296  231.5583  380.1636  863.3601 1562.4871 1602.1221
  1.460684      25.0377  201.8690  334.0410  865.7512 1568.0515 1599.3642
  1.477350      18.4294  172.4332  287.3508  867.7746 1572.9576 1596.5962
  1.494017      12.8179  143.2452  240.1799  869.4508 1577.1701 1593.9672
  1.510684       8.2135  114.2864  192.6126  870.7973 1580.6587 1591.6127
  1.527350       4.6244   85.5265  144.7313  871.8290 1583.3984 1589.6507
  1.544017       2.0566   56.9252   96.6164  872.5575 1585.3695 1588.1775
  1.560684       0.5144   28.4343   48.3468  872.9912 1586.5579 1587.2643
  1.577350      -0.0000    0.0000    0.0000  873.1352 1586.9550 1586.9550
